image: map.pgm
resolution: 0.150000
origin: [-3.700000, -3.284167, 0.000000]
negate: 0
occupied_thresh: 0.65
free_thresh: 0.196

